name: brap-brain
channels:
  - pytorch
  - conda-forge
  - defaults
dependencies:
  - blas=2.115=mkl
  - blas-devel=3.9.0=15_win64_mkl
  - brotlipy=0.7.0=py310he2412df_1004
  - bzip2=1.0.8=h8ffe710_4
  - ca-certificates=2022.6.15=h5b45459_0
  - certifi=2022.6.15=py310h5588dad_0
  - cffi=1.15.0=py310hcbf9ad4_0
  - charset-normalizer=2.1.0=pyhd8ed1ab_0
  - cryptography=37.0.2=py310ha857299_0
  - cudatoolkit=11.6.0=hc0ea762_10
  - freetype=2.10.4=h546665d_1
  - idna=3.3=pyhd8ed1ab_0
  - intel-openmp=2022.1.0=h57928b3_3787
  - jpeg=9e=h8ffe710_2
  - lcms2=2.12=h2a16943_0
  - lerc=3.0=h0e60522_0
  - libblas=3.9.0=15_win64_mkl
  - libcblas=3.9.0=15_win64_mkl
  - libdeflate=1.12=h8ffe710_0
  - libffi=3.4.2=h8ffe710_5
  - liblapack=3.9.0=15_win64_mkl
  - liblapacke=3.9.0=15_win64_mkl
  - libpng=1.6.37=h1d00b33_2
  - libtiff=4.4.0=h2ed3b44_1
  - libuv=1.43.0=h8ffe710_0
  - libwebp=1.2.2=h57928b3_0
  - libwebp-base=1.2.2=h8ffe710_1
  - libxcb=1.13=hcd874cb_1004
  - libzlib=1.2.12=h8ffe710_1
  - lz4-c=1.9.3=h8ffe710_1
  - m2w64-gcc-libgfortran=5.3.0=6
  - m2w64-gcc-libs=5.3.0=7
  - m2w64-gcc-libs-core=5.3.0=7
  - m2w64-gmp=6.1.0=2
  - m2w64-libwinpthread-git=5.0.0.4634.697f757=2
  - mkl=2022.1.0=h6a75c08_874
  - mkl-devel=2022.1.0=h57928b3_875
  - mkl-include=2022.1.0=h6a75c08_874
  - msys2-conda-epoch=20160418=1
  - numpy=1.23.0=py310h8a5b91a_0
  - openjpeg=2.4.0=hb211442_1
  - openssl=1.1.1p=h8ffe710_0
  - pillow=9.1.1=py310h767b3fd_1
  - pip=22.1.2=pyhd8ed1ab_0
  - pthread-stubs=0.4=hcd874cb_1001
  - pycparser=2.21=pyhd8ed1ab_0
  - pyopenssl=22.0.0=pyhd8ed1ab_0
  - pysocks=1.7.1=py310h5588dad_5
  - python=3.10.5=h9a09f29_0_cpython
  - python_abi=3.10=2_cp310
  - pytorch=1.12.0=py3.10_cuda11.6_cudnn8_0
  - pytorch-mutex=1.0=cuda
  - requests=2.28.1=pyhd8ed1ab_0
  - setuptools=62.6.0=py310h5588dad_0
  - sqlite=3.39.0=h8ffe710_0
  - tbb=2021.5.0=h2d74725_1
  - tk=8.6.12=h8ffe710_0
  - torchaudio=0.12.0=py310_cu116
  - torchvision=0.13.0=py310_cu116
  - typing_extensions=4.2.0=pyha770c72_1
  - tzdata=2022a=h191b570_0
  - ucrt=10.0.20348.0=h57928b3_0
  - urllib3=1.26.9=pyhd8ed1ab_0
  - vc=14.2=hb210afc_6
  - vs2015_runtime=14.29.30037=h902a5da_6
  - wheel=0.37.1=pyhd8ed1ab_0
  - win_inet_pton=1.1.0=py310h5588dad_4
  - xorg-libxau=1.0.9=hcd874cb_0
  - xorg-libxdmcp=1.1.3=hcd874cb_0
  - xz=5.2.5=h62dcd97_1
  - zlib=1.2.12=h8ffe710_1
  - zstd=1.5.2=h6255e5f_2
  - pip:
    - absl-py==1.1.0
    - aiohttp==3.8.1
    - aiosignal==1.2.0
    - aitextgen==0.5.2
    - async-timeout==4.0.2
    - attrs==21.4.0
    - cachetools==5.2.0
    - colorama==0.4.5
    - fire==0.4.0
    - frozenlist==1.3.0
    - fsspec==2022.5.0
    - google-auth==2.9.0
    - google-auth-oauthlib==0.4.6
    - grpcio==1.47.0
    - huggingface-hub==0.8.1
    - markdown==3.3.7
    - multidict==6.0.2
    - oauthlib==3.2.0
    - packaging==21.3
    - protobuf==3.19.4
    - pyasn1==0.4.8
    - pyasn1-modules==0.2.8
    - pydeprecate==0.3.2
    - pyparsing==3.0.9
    - pytorch-lightning==1.6.4
    - pyyaml==6.0
    - regex==2022.6.2
    - requests-oauthlib==1.3.1
    - rsa==4.8
    - tensorboard==2.9.1
    - tensorboard-data-server==0.6.1
    - tensorboard-plugin-wit==1.8.1
    - termcolor==1.1.0
    - tokenizers==0.12.1
    - torchmetrics==0.9.2
    - tqdm==4.64.0
    - transformers==4.20.1
    - werkzeug==2.1.2
    - yarl==1.7.2
    - mypy==0.961
